r: 4
offset: 0
500071	10.244	10.2449	1269.59	7.9884	2491.81
500054	20.48	20.4804	1274.65	7.98754	4984.85
500039	30.7231	30.7249	1283.28	7.98782	7478.64
500038	40.9618	40.961	1299.92	7.98894	9971.47
500033	48.9636	48.9254	8902.89	7.99004	11919.2
500031	42.4948	42.4796	46737	8.02881	10394.8
500030	46.0997	46.1	68544.7	8.01283	10962.8
500029	44.5693	44.5734	62540.9	8.02945	10902.3
500023	44.8448	44.8392	79453.9	8.03245	10956.6
500023	45.1605	45.1592	95683.8	8.03564	11011.4
offset: 3
500074	10.2459	10.2457	1165.64	7.34198	2493.11
500056	20.4865	20.4861	1169.7	7.34069	4987.74
500043	30.7184	30.7196	1176.05	7.33906	7478.98
500035	40.9557	40.9561	1187.9	7.34039	9973.71
500032	51.203	51.2028	1212.98	7.3413	12468.3
500031	50.8007	50.7909	23501.7	7.36801	12596.4
500033	42.5782	42.5757	48954.3	7.42687	10464.4
500032	38.7749	38.7801	60695.8	7.44483	9605.63
500026	39.2485	39.2501	79366.9	7.4465	9671.63
500026	39.249	39.2519	95690.5	7.4447	9699.47
r: 4
offset: 0
500073	10.2445	10.2441	1269.61	7.98853	2491.81
500054	20.4869	20.4865	1274.74	7.98806	4985.91
500035	30.7206	30.72	1283.41	7.98855	7477.51
500035	40.9611	40.9606	1299.83	7.98831	9972.09
500032	48.8129	48.7713	4836.57	7.99045	12017.4
500032	40.786	40.7614	45547	8.03553	10199.6
500029	46.6606	46.6588	61911.7	8.00565	11330.1
500029	44.6625	44.6571	61928.9	8.02891	10912.3
500025	44.991	44.9861	80436.7	8.03147	10974.5
