r: 4
offset: 0
500076	10.2473	10.2478	934.603	5.90408	2494.78
500058	20.4948	20.4947	937.561	5.90585	4990.19
500045	30.7214	30.7227	941.235	5.90478	7484.45
500036	40.969	40.9703	947.286	5.90453	9979.73
500034	40.6763	40.5436	13560.9	5.95371	10642
500036	32.4078	32.3699	49095.3	6.21156	8594.29
500039	24.9034	24.924	71361	6.33459	7120.4
500037	29.3738	29.3738	83072	6.34198	7744.12
500031	30.9956	31.0017	110567	6.24028	8010.88
500031	32.6782	32.6763	121613	6.24704	8180.22
offset: 3
500080	10.243	10.2434	883.947	5.58842	2494.15
500057	20.4845	20.4847	886.226	5.5875	4989.44
500048	30.7175	30.7189	889.849	5.58857	7483.07
500037	40.9521	40.9526	895.171	5.58842	9980.59
500033	50.4211	50.4024	1461.48	5.58978	12370.5
500037	43.5067	43.506	18080.1	5.85936	11073.6
500035	41.1734	41.1707	56453.5	5.91229	10135.4
500038	31.1377	31.1271	78293.1	5.95226	8323.32
500030	34.9432	34.9764	117619	5.85437	8656.62
500033	31.8122	31.8	115849	5.94856	8165.2
r: 4
offset: 0
500076	10.2441	10.2444	934.708	5.90471	2493.94
500057	20.4852	20.4857	937.32	5.9044	4989.26
500042	30.721	30.7223	941.312	5.90528	7483.29
500036	40.9673	40.969	947.447	5.90547	9978.34
500034	43.3453	43.3284	9285.5	6.00337	10949
500037	34.3443	34.2957	50918.3	6.18438	8939.36
500035	29.5099	29.5122	79224.4	6.28469	7664.52
500035	31.0663	31.0608	89081.2	6.29788	7894.61
500030	30.5757	30.5711	102958	6.23801	8154.47
500029	36.0979	36.1011	111910	6.2667	8986.41
offset: 3
500079	10.2422	10.2424	883.827	5.58768	2494.03
500056	20.4865	20.486	886.299	5.58792	4989.15
500047	30.7294	30.7296	889.798	5.58819	7485.75
500038	40.9627	40.9639	895.251	5.58891	9981.77
500032	50.8449	50.8498	1496.68	5.58776	12421.9
500035	44.9744	44.9594	16357	5.84917	11328.8
500037	35.932	35.939	50610.9	5.95764	9487.34
500034	33.6833	33.6867	89220.2	5.9035	8673.46
500034	32.8591	32.8615	105553	5.90879	8363.73
500030	32.3175	32.3189	122132	5.91322	8207.33

