r: 4
offset: 0
500072	10.251	10.2506	1276.89	8.03371	2493.74
500054	20.4792	20.4801	1282.2	8.0337	4986.41
500041	30.7155	30.7152	1290.92	8.03314	7476.88
500035	40.973	40.973	1307.97	8.03327	9972.77
500029	50.2144	50.2	4447.9	8.03349	12234.4
500031	46.4741	46.4381	47334.4	8.0477	11365.4
500031	45.074	45.0731	59052.8	8.06563	11070.2
500031	42.3996	42.3987	61722.9	8.08944	10490.5
500025	42.7118	42.7151	78865.6	8.09477	10511.7
500025	42.6345	42.6325	95202.9	8.09441	10555.4
offset: 3
500073	10.2423	10.2429	1175.61	7.40381	2492.35
500053	20.4871	20.4871	1180.08	7.40426	4985.63
500041	30.7152	30.715	1186.87	7.40342	7479.84
500036	40.9623	40.9629	1199.24	7.40387	9974.08
500032	51.2099	51.2111	1226.65	7.40455	12468.2
500030	46.6507	46.6467	33033.5	7.43363	11847.7
500032	41.5729	41.5727	50431.2	7.5026	10251.3
500031	38.527	38.5271	61123.4	7.51552	9555.66
500025	38.9406	38.9433	78859.5	7.5178	9625.04
500027	38.9796	38.9813	95716	7.51648	9645.61
r: 4
offset: 0
500073	10.2481	10.2483	1276.75	8.0328	2493.06
500054	20.4799	20.4801	1282.19	8.03364	4984.6
500044	30.725	30.7252	1290.88	8.0329	7479.95
500037	40.9655	40.9658	1308.1	8.034	9972.56
500033	50.1744	50.1574	3658.32	8.03355	12274.5
500029	46.7742	46.7515	50740.1	8.04301	11344.6
500030	45.2157	45.2193	56412.8	8.06082	11115.6
500031	41.9035	41.9106	60358	8.09365	10378.2
500025	42.2425	42.241	78999.7	8.09713	10495.1
