r: 4
offset: 0
500079	10.2426	10.2423	811.067	5.1333	2494.35
500057	20.4885	20.4886	813.394	5.13262	4990.87
500048	30.7111	30.7111	817.275	5.13416	7484.02
500041	40.9591	40.9606	823.297	5.13431	9982.12
500033	51.2052	51.2059	834.64	5.13367	12477.2
500028	61.4361	61.4378	864.35	5.13432	14970.1
500028	71.2272	71.2284	2633.53	5.13046	17344.4
500028	75.2724	75.2725	19152.3	5.11574	18340.2
500023	76.9969	76.9976	38764	5.10977	18728.6
500023	77.338	77.3366	58692.2	5.10965	18833.5
offset: 3
500076	10.2402	10.2399	934.71	5.9021	2493.2
500058	20.4799	20.4793	938.062	5.90061	4988.99
500044	30.7178	30.7183	944.448	5.90223	7484.71
500036	40.9607	40.9622	957.184	5.90126	9979.01
500029	50.9401	50.941	2008.46	5.90104	12407.7
500031	56.112	56.113	18484.6	5.88586	13685
500031	57.3919	57.3891	43616.6	5.87012	14004.1
500025	58.7763	58.7799	65280.5	5.86526	14278.8
500025	58.7003	58.7032	84849.2	5.86336	14270.4
500027	58.7043	58.7049	101366	5.86352	14272.7
r: 4
offset: 0
500078	10.2393	10.2391	811.187	5.13407	2493.73
500059	20.4868	20.4872	813.556	5.13365	4991.11
500047	30.7173	30.7174	817.181	5.13361	7486.62
500038	40.968	40.9689	823.24	5.13402	9981.65
500034	51.2149	51.2161	834.624	5.13349	12479
500031	61.4489	61.4492	864.553	5.13472	14973
500028	71.2036	71.2035	2636.52	5.13074	17341.8
500029	75.2641	75.2659	19140.4	5.11631	18338.8
500022	77.0188	77.0177	38676.6	5.10993	18737.4
500022	77.3704	77.3708	58607.4	5.11019	18842.4
offset: 3
500076	10.2437	10.244	934.63	5.90157	2494.77
500056	20.492	20.4927	938.022	5.90033	4989.78
500046	30.7192	30.7203	944.635	5.90336	7484.91
500036	40.959	40.9592	957.189	5.90141	9978.28
