r: 4
offset: 0
500077	10.2488	10.2491	997.375	6.29482	2494.12
500056	20.4866	20.4866	1000.47	6.29495	4988.13
500042	30.7221	30.7226	1004.8	6.29368	7482.24
500034	40.9645	40.9654	1012.36	6.29403	9978.45
500032	48.9309	48.9032	3949.49	6.30893	12034.8
500034	37.8753	37.8193	44316.7	6.49221	9728.6
500035	36.5721	36.5649	69160.6	6.54459	9038.33
500034	35.4873	35.4868	77131.5	6.62772	8925.21
500029	35.2792	35.2764	89501	6.62723	8913.55
500030	34.2059	34.2043	107667	6.62985	8640.04
offset: 3
500080	10.2391	10.2395	932.116	5.88829	2493.42
500057	20.4816	20.4822	934.872	5.88851	4988.54
500045	30.7232	30.7245	938.765	5.88821	7484.3
500036	40.9547	40.9564	944.996	5.88817	9980.65
500032	51.2092	51.2108	956.695	5.88846	12474.7
500033	47.8339	47.8168	18422.1	6.04642	11999.6
500033	43.5201	43.5307	45330.6	6.13719	11038.7
500039	34.545	34.544	76242.2	6.26845	8817.31
500031	34.2371	34.2416	100554	6.22134	8627.05
500030	34.2048	34.207	103150	6.27166	8669.73
r: 4
offset: 0
500076	10.2391	10.2391	997.441	6.29526	2492.73
500056	20.4805	20.4808	1000.17	6.29312	4988.76
500045	30.7139	30.7144	1004.86	6.2941	7482.83
500039	40.957	40.958	1012.48	6.2949	9976.3
500035	47.3804	47.3545	5848.35	6.31178	11814.1
500036	36.9315	36.9055	35128.5	6.55728	9682.89
500034	33.0951	33.0828	67522.6	6.59077	8647.31
500038	32.7716	32.7711	76746.1	6.68204	8408.77
500032	31.1168	31.1136	92435.6	6.73107	8021.59
500031	31.0203	31.0231	105230	6.71842	7976.96
offset: 3
500079	10.2392	10.2399	931.891	5.8869	2493.53
500055	20.4854	20.4852	934.926	5.88886	4989.59
500043	30.7266	30.7276	938.857	5.88878	7484.08
500037	40.9638	40.9645	945.174	5.8892	9981.18
500033	51.1948	51.195	956.468	5.88842	12472.7
500034	46.9295	46.9275	18560.1	6.02506	11896.8
500036	41.2624	41.2496	36733.3	6.20023	10776.2
500035	39.1252	39.1219	76106.6	6.19194	9656.31
