r: 4
offset: 0
500073	10.2444	10.2444	1126.1	7.09745	2492.17
500057	20.4792	20.4801	1129.5	7.0964	4986.77
500045	30.7213	30.7224	1134.98	7.09721	7479.6
500035	40.9666	40.9675	1143.89	7.09704	9975.18
500034	47.6292	47.6308	3777.16	7.12187	11869.7
500034	39.7749	39.7739	40971.6	7.26706	10064.9
500033	39.2353	39.2345	65262	7.31319	9822.52
500038	30.2916	30.296	72149.9	7.44978	8128.32
500031	30.4089	30.4082	91433.5	7.47969	7822.83
500031	28.9026	28.8998	109284	7.49417	7446.27
offset: 3
500077	10.239	10.2392	1077.02	6.79154	2492.15
500053	20.4804	20.4814	1080.45	6.79198	4987.44
500042	30.7166	30.7172	1085.68	6.79288	7480.19
500037	40.963	40.9632	1094.16	6.7929	9975.74
500034	47.7133	47.7085	8967.63	6.82906	11562.5
500036	37.2863	37.2819	34469.5	7.06268	9434.17
500039	28.6554	28.6564	71418.1	7.19972	7230.13
500041	24.5395	24.538	86993.1	7.23112	6484.95
500033	24.9922	24.991	99571.7	7.2459	6496.13
500030	25.9659	25.9623	111105	7.22801	6767.48
r: 4
offset: 0
500074	10.244	10.2442	1125.99	7.09676	2493.02
500055	20.4805	20.4807	1129.58	7.09687	4985.56
500041	30.7201	30.7218	1134.97	7.09711	7480.41
500035	40.9719	40.9736	1143.88	7.09697	9975.19
500032	47.2669	47.2267	6951.19	7.12049	11738.3
500033	39.8452	39.7998	42916.2	7.25254	10143.6
500036	38.2664	38.2605	68498.9	7.34647	9480.72
500035	31.067	31.0666	72261.7	7.45135	8182.84
500032	27.9512	27.947	85772.9	7.47656	7652.32
500029	32.3764	32.3616	103487	7.45085	8356.86
offset: 3
500079	10.2451	10.2449	1077.15	6.79237	2493.11
500055	20.4905	20.4906	1080.63	6.79306	4987.44
500042	30.7213	30.7218	1085.81	6.79373	7481.03
500035	40.9623	40.9636	1094.26	6.7934	9975.22
500032	48.4488	48.4497	4672.27	6.82012	11879.2
500037	38.0902	38.0884	35695.4	7.06405	9475.83
500038	28.4543	28.4625	69007	7.20494	7307.89
500041	25.4586	25.4596	87564.7	7.2227	6662.84
500030	24.771	24.7683	98825.8	7.24171	6513.89
